10
3
1 1 0
1 1 1
1 1 1
50 100 0
800 110 500
150 200 150
15 300 0
10 200 1500
25 500 100
3
0 1 1
2 1 1
2 3 1
0 390 790
930 1200 1410
570 1000 810
0 190 15
65 275 285
10 5910 165
3
1 1 0
2 2 2
3 3 0
160 930 0
1170 630 1520
1650 1730 0
6130 75 0
245 55 80
95 135 0
3
3 2 3
3 3 3
1 3 3
370 1090 1650
1630 40 90
1570 990 260
5 175 20
290 130 295
235 165 5080
4
3 3 1 1
2 1 1 1
1 1 1 1
1 1 1 1
1870 0 810 340
320 700 1120 790
1100 1370 1490 1250
710 1890 550 650
140 265 205 7760
60 5 275 175
80 130 240 195
210 295 145 85
4
2 3 0 0
2 0 1 1
1 1 2 2
1 1 2 2
1200 1150 0 0
1850 0 1380 1530
1880 1660 1570 1990
920 600 260 730
25 7290 0 0
20 0 290 30
100 240 60 200
195 295 190 55
5
1 2 1 1 1
1 1 1 1 1
2 1 1 1 1
2 1 1 1 1
2 2 1 0 3
1130 620 1110 1090 1750
1150 1690 1850 740 1970
1530 890 790 1400 930
80 1540 200 1480 1940
870 1470 520 0 180
60 80 20 60 200
135 60 50 195 265
155 195 290 7890 45
85 230 255 220 70
80 270 285 0 185
8
2 2 2 2 2 3 2 2
2 2 2 2 3 3 2 2
2 2 2 2 3 1 1 2
1 1 1 0 3 2 2 2
1 1 3 0 3 2 2 2
1 3 3 3 2 2 2 2
3 3 3 3 2 2 1 1
3 2 2 2 2 2 2 1
800 510 1980 1830 20 1250 60 240
70 230 150 1130 1710 1620 1100 370
380 420 1020 410 1080 560 110 100
520 890 800 0 210 1210 1490 820
210 1870 570 0 900 330 1830 770
1190 1310 590 1260 1770 340 510 940
1990 1680 320 790 1300 1650 350 1390
800 1380 1340 790 670 70 190 600
55 5 240 115 255 45 25 240
290 45 130 100 10 245 210 55
140 90 55 130 180 90 105 40
185 140 5 0 210 50 25 45
105 80 250 0 125 75 180 75
245 295 135 295 200 285 250 80
5 195 35 160 240 185 140 200
200 190 160 145 205 225 12380 250
10
3 3 3 3 3 3 3 3 3 3
1 1 3 3 3 1 3 3 3 3
0 0 3 0 3 1 1 2 3 3
2 2 2 3 3 1 1 3 3 1
2 2 0 0 2 1 1 1 0 1
2 2 2 2 2 1 1 1 1 1
1 1 3 3 3 1 1 1 2 2
1 1 1 1 3 0 1 1 2 2
2 1 1 1 3 2 1 1 1 2
2 2 2 1 0 1 1 1 0 3
790 790 760 1800 720 1010 470 1100 1580 920
1390 1620 1580 1620 320 390 110 180 580 1160
0 0 1300 0 1480 1700 1370 1830 1230 110
930 1580 1810 1180 1350 110 1900 60 1560 1950
530 1000 0 0 950 1530 1570 130 0 1960
820 1170 1990 1170 810 410 1920 1420 1080 950
1200 1200 1490 350 250 330 1380 280 140 1540
1170 1720 1370 480 760 0 120 190 520 1140
1170 1360 1310 280 240 1760 1580 50 1030 1680
1230 990 1220 1350 0 980 160 830 0 810
65 60 160 5 265 5 35 160 230 190
230 215 15 240 290 55 260 80 15180 110
0 0 5 0 50 150 35 260 240 50
35 240 5 100 195 10 135 115 120 150
155 25 0 0 245 50 120 60 0 55
15 130 50 45 290 35 290 110 215 95
160 120 90 170 35 135 65 125 170 35
250 70 120 200 85 0 195 170 65 245
160 115 55 295 295 170 170 85 260 5
265 280 250 165 0 260 125 245 0 245
10
3 3 3 3 1 1 1 1 1 1
3 3 0 0 0 1 2 1 1 1
1 3 2 1 1 1 3 3 1 1
3 3 2 2 3 3 3 1 1 1
3 3 2 2 3 2 2 1 1 1
2 2 2 3 3 2 2 2 1 1
2 2 2 3 3 2 2 2 2 1
3 2 2 2 1 2 2 2 2 1
3 2 2 2 1 2 1 1 1 1
3 2 2 2 1 1 1 1 3 3
1350 1200 960 150 580 540 1670 340 0 130
540 900 0 0 0 1410 280 990 870 710
1830 770 1920 890 1660 1450 460 640 1890 1130
1910 490 1380 1760 40 320 190 1830 520 1220
1250 590 230 770 1820 920 1230 510 1000 1280
820 1540 1470 380 1370 540 680 1400 270 620
960 1620 690 830 490 1800 1110 770 1610 1880
1050 1250 1930 450 440 110 1390 1770 1960 1220
1530 520 1010 150 440 1660 1630 140 1010 850
720 300 1120 1850 500 1510 760 150 1390 590
105 40 175 140 35 290 255 100 235 5
25 255 0 0 0 65 185 190 115 35
285 70 185 120 50 230 220 10 275 200
245 215 130 245 125 65 240 290 200 45
225 85 145 5 5 275 210 220 130 16670
245 235 165 135 25 180 20 220 130 185
240 175 80 285 180 135 10 5 115 285
250 20 85 70 130 30 280 40 175 135
150 20 85 20 230 45 170 200 190 285
35 290 150 60 110 175 205 120 110 120